cpus,batch_size,total_batches,no_params,epoch_no,duration
8,32,1563,57044810,0,14.700206518173218
8,32,1563,57044810,0,10.996328115463257
8,32,1563,57044810,0,9.292307376861572
8,32,1563,57044810,0,7.598737716674805
8,32,1563,57044810,0,6.493986368179321
8,32,1563,57044810,0,6.199021816253662
8,32,1563,57044810,0,6.584167718887329
8,32,1563,57044810,0,5.906330347061157
8,32,1563,57044810,0,6.694244146347046
8,32,1563,57044810,0,6.096501588821411
8,32,1563,57044810,0,7.0946221351623535
8,32,1563,57044810,1,6.0936853885650635
8,32,1563,57044810,1,6.7986602783203125
8,32,1563,57044810,1,6.099050045013428
8,32,1563,57044810,1,6.403875112533569
8,32,1563,57044810,1,6.395004749298096
8,32,1563,57044810,1,6.098111152648926
8,32,1563,57044810,1,6.905245304107666
8,32,1563,57044810,1,6.3037497997283936
8,32,1563,57044810,1,6.292556524276733
8,32,1563,57044810,1,5.9014856815338135
8,32,1563,57044810,1,5.99579644203186
8,32,1563,57044810,2,6.291459083557129
8,32,1563,57044810,2,6.880791187286377
8,32,1563,57044810,2,6.29872465133667
8,32,1563,57044810,2,6.106595039367676
8,32,1563,57044810,2,6.297739744186401
8,32,1563,57044810,2,5.6977410316467285
8,32,1563,57044810,2,6.194713592529297
8,32,1563,57044810,2,6.3986780643463135
8,32,1563,57044810,2,6.0948216915130615
8,32,1563,57044810,2,6.2080347537994385
8,32,1563,57044810,2,6.393793344497681
8,32,1563,57044810,3,5.798821210861206
8,32,1563,57044810,3,5.802154064178467
8,32,1563,57044810,3,6.100023508071899
8,32,1563,57044810,3,5.91190505027771
8,32,1563,57044810,3,6.394011497497559
8,32,1563,57044810,3,6.196204900741577
8,32,1563,57044810,3,6.1007726192474365
8,32,1563,57044810,3,6.208338022232056
8,32,1563,57044810,3,5.893503427505493
8,32,1563,57044810,3,6.305020809173584
8,32,1563,57044810,3,6.897369623184204
8,32,1563,57044810,4,6.789368629455566
8,32,1563,57044810,4,5.906249523162842
8,32,1563,57044810,4,7.792917490005493
8,32,1563,57044810,4,6.4990761280059814
8,32,1563,57044810,4,5.909198760986328
8,32,1563,57044810,4,6.207727670669556
8,32,1563,57044810,4,6.014211654663086
8,32,1563,57044810,4,6.208222150802612
8,32,1563,57044810,4,6.808653354644775
8,32,1563,57044810,4,6.298584461212158
8,32,1563,57044810,4,6.393939018249512
8,32,1563,41206970,0,6.703293085098267
8,32,1563,41206970,0,8.299702644348145
8,32,1563,41206970,0,6.8939268589019775
8,32,1563,41206970,0,5.61214280128479
8,32,1563,41206970,0,7.010055303573608
8,32,1563,41206970,0,6.407949447631836
8,32,1563,41206970,0,7.193524360656738
8,32,1563,41206970,0,5.800065517425537
8,32,1563,41206970,0,6.205285549163818
8,32,1563,41206970,0,5.796149969100952
8,32,1563,41206970,0,4.903078079223633
8,32,1563,41206970,1,5.794768571853638
8,32,1563,41206970,1,5.4967360496521
8,32,1563,41206970,1,5.303775787353516
8,32,1563,41206970,1,5.605458736419678
8,32,1563,41206970,1,5.397833347320557
8,32,1563,41206970,1,5.795302152633667
8,32,1563,41206970,1,5.821326494216919
8,32,1563,41206970,1,5.496483087539673
8,32,1563,41206970,1,5.805255174636841
8,32,1563,41206970,1,6.0059754848480225
8,32,1563,41206970,1,5.19741678237915
8,32,1563,41206970,2,5.39930272102356
8,32,1563,41206970,2,5.595019817352295
8,32,1563,41206970,2,5.2962164878845215
8,32,1563,41206970,2,5.393408298492432
8,32,1563,41206970,2,5.201725006103516
8,32,1563,41206970,2,6.301484107971191
8,32,1563,41206970,2,5.096361398696899
8,32,1563,41206970,2,6.289897203445435
8,32,1563,41206970,2,5.203611373901367
8,32,1563,41206970,2,6.189194917678833
8,32,1563,41206970,2,5.693177700042725
8,32,1563,41206970,3,5.40785813331604
8,32,1563,41206970,3,5.610882043838501
8,32,1563,41206970,3,5.29874587059021
8,32,1563,41206970,3,6.098734617233276
8,32,1563,41206970,3,5.492474317550659
8,32,1563,41206970,3,5.293980836868286
8,32,1563,41206970,3,4.998820781707764
8,32,1563,41206970,3,5.804139137268066
8,32,1563,41206970,3,5.705109596252441
8,32,1563,41206970,3,5.7962751388549805
8,32,1563,41206970,3,5.40410590171814
8,32,1563,41206970,4,5.3020994663238525
8,32,1563,41206970,4,5.299983263015747
8,32,1563,41206970,4,5.299892425537109
8,32,1563,41206970,4,5.414845705032349
8,32,1563,41206970,4,5.504331111907959
8,32,1563,41206970,4,5.798801422119141
8,32,1563,41206970,4,5.199333429336548
8,32,1563,41206970,4,5.6981446743011475
8,32,1563,41206970,4,5.493783950805664
8,32,1563,41206970,4,5.2899346351623535
8,32,1563,41206970,4,5.699184894561768
8,32,1563,29787522,0,6.410228252410889
8,32,1563,29787522,0,8.599982976913452
8,32,1563,29787522,0,6.2977800369262695
8,32,1563,29787522,0,4.900491952896118
8,32,1563,29787522,0,5.213024854660034
8,32,1563,29787522,0,6.299007177352905
8,32,1563,29787522,0,5.403690576553345
8,32,1563,29787522,0,5.396255970001221
8,32,1563,29787522,0,5.997944593429565
8,32,1563,29787522,0,5.496658802032471
8,32,1563,29787522,0,5.8989951610565186
8,32,1563,29787522,1,5.208978176116943
8,32,1563,29787522,1,4.723621368408203
8,32,1563,29787522,1,5.4997642040252686
8,32,1563,29787522,1,5.19427752494812
8,32,1563,29787522,1,5.696651220321655
8,32,1563,29787522,1,6.10429310798645
8,32,1563,29787522,1,5.59553861618042
8,32,1563,29787522,1,5.61926794052124
8,32,1563,29787522,1,5.495640516281128
8,32,1563,29787522,1,5.497491836547852
8,32,1563,29787522,1,5.6998207569122314
8,32,1563,29787522,2,4.9963154792785645
8,32,1563,29787522,2,5.09975004196167
8,32,1563,29787522,2,5.019790410995483
8,32,1563,29787522,2,4.892665386199951
8,32,1563,29787522,2,5.715723991394043
8,32,1563,29787522,2,4.996353387832642
8,32,1563,29787522,2,5.201096773147583
8,32,1563,29787522,2,5.502817392349243
8,32,1563,29787522,2,5.396007776260376
8,32,1563,29787522,2,5.293210983276367
8,32,1563,29787522,2,5.197357416152954
8,32,1563,29787522,3,5.809707164764404
8,32,1563,29787522,3,5.599025011062622
8,32,1563,29787522,3,5.097321033477783
8,32,1563,29787522,3,5.697821378707886
8,32,1563,29787522,3,5.503458261489868
8,32,1563,29787522,3,5.496113061904907
8,32,1563,29787522,3,5.206397533416748
8,32,1563,29787522,3,5.300294876098633
8,32,1563,29787522,3,5.312204599380493
8,32,1563,29787522,3,5.398886203765869
8,32,1563,29787522,3,5.303996562957764
8,32,1563,29787522,4,5.596868515014648
8,32,1563,29787522,4,5.799992084503174
8,32,1563,29787522,4,5.29241418838501
8,32,1563,29787522,4,5.201564788818359
8,32,1563,29787522,4,5.406288385391235
8,32,1563,29787522,4,5.403703927993774
8,32,1563,29787522,4,5.703049421310425
8,32,1563,29787522,4,5.104489088058472
8,32,1563,29787522,4,6.097156286239624
8,32,1563,29787522,4,4.793859243392944
8,32,1563,29787522,4,4.897555112838745
8,64,782,57044810,0,9.092190980911255
8,64,782,57044810,0,9.798001766204834
8,64,782,57044810,0,9.09071159362793
8,64,782,57044810,0,9.091619491577148
8,64,782,57044810,0,9.104171991348267
8,64,782,57044810,0,8.696141242980957
8,64,782,57044810,0,7.99882698059082
8,64,782,57044810,0,8.298646688461304
8,64,782,57044810,0,8.401792049407959
8,64,782,57044810,0,8.009406328201294
8,64,782,57044810,0,7.796972274780273
8,64,782,57044810,1,7.807300090789795
8,64,782,57044810,1,8.009433269500732
8,64,782,57044810,1,8.609121799468994
8,64,782,57044810,1,7.782017946243286
8,64,782,57044810,1,7.5927581787109375
8,64,782,57044810,1,7.79347825050354
8,64,782,57044810,1,7.697641372680664
8,64,782,57044810,1,8.412281274795532
8,64,782,57044810,1,7.893797397613525
8,64,782,57044810,1,8.299571514129639
8,64,782,57044810,1,9.096641540527344
8,64,782,57044810,2,7.896197557449341
8,64,782,57044810,2,7.6996259689331055
8,64,782,57044810,2,8.298834085464478
8,64,782,57044810,2,8.49827265739441
8,64,782,57044810,2,7.895883560180664
8,64,782,57044810,2,8.102337121963501
8,64,782,57044810,2,8.104965925216675
8,64,782,57044810,2,7.994136333465576
8,64,782,57044810,2,7.89185094833374
8,64,782,57044810,2,8.595493078231812
8,64,782,57044810,2,8.193766355514526
8,64,782,57044810,3,8.106841325759888
8,64,782,57044810,3,7.892856121063232
8,64,782,57044810,3,7.708023548126221
8,64,782,57044810,3,8.398247718811035
8,64,782,57044810,3,8.094081401824951
8,64,782,57044810,3,8.090075492858887
8,64,782,57044810,3,7.6974804401397705
8,64,782,57044810,3,7.8946003913879395
8,64,782,57044810,3,8.291903734207153
8,64,782,57044810,3,7.997527837753296
8,64,782,57044810,3,7.891267538070679
8,64,782,57044810,4,7.705327272415161
8,64,782,57044810,4,7.895714998245239
8,64,782,57044810,4,8.295127868652344
8,64,782,57044810,4,7.897209405899048
8,64,782,57044810,4,8.093697547912598
8,64,782,57044810,4,7.79496169090271
8,64,782,57044810,4,7.697981595993042
8,64,782,57044810,4,8.700671195983887
8,64,782,57044810,4,8.197704315185547
8,64,782,57044810,4,8.888471126556396
8,64,782,57044810,4,7.79581880569458
8,64,782,41206970,0,8.094430685043335
8,64,782,41206970,0,8.99975299835205
8,64,782,41206970,0,7.702951669692993
8,64,782,41206970,0,8.289952754974365
8,64,782,41206970,0,7.090791463851929
8,64,782,41206970,0,7.402042627334595
8,64,782,41206970,0,7.503448009490967
8,64,782,41206970,0,7.70378303527832
8,64,782,41206970,0,7.785956859588623
8,64,782,41206970,0,7.5115015506744385
8,64,782,41206970,0,7.20072078704834
8,64,782,41206970,1,7.6998491287231445
8,64,782,41206970,1,7.987642288208008
8,64,782,41206970,1,8.203794240951538
8,64,782,41206970,1,7.693441152572632
8,64,782,41206970,1,7.398227214813232
8,64,782,41206970,1,7.895355701446533
8,64,782,41206970,1,7.184735059738159
8,64,782,41206970,1,7.391229629516602
8,64,782,41206970,1,7.192436933517456
8,64,782,41206970,1,7.596288204193115
8,64,782,41206970,1,7.492551565170288
8,64,782,41206970,2,7.796682119369507
8,64,782,41206970,2,7.799328327178955
8,64,782,41206970,2,7.196182012557983
8,64,782,41206970,2,7.3989691734313965
8,64,782,41206970,2,7.692133188247681
8,64,782,41206970,2,7.491285562515259
8,64,782,41206970,2,6.8972554206848145
8,64,782,41206970,2,7.711847543716431
8,64,782,41206970,2,7.194586992263794
8,64,782,41206970,2,7.201925277709961
8,64,782,41206970,2,7.393763542175293
8,64,782,41206970,3,7.200493574142456
8,64,782,41206970,3,7.206520080566406
8,64,782,41206970,3,7.506047010421753
8,64,782,41206970,3,7.390738487243652
8,64,782,41206970,3,7.490267992019653
8,64,782,41206970,3,7.401702880859375
8,64,782,41206970,3,7.291552782058716
8,64,782,41206970,3,7.101902961730957
8,64,782,41206970,3,7.204393148422241
8,64,782,41206970,3,7.094182968139648
8,64,782,41206970,3,7.495349884033203
8,64,782,41206970,4,7.393158435821533
8,64,782,41206970,4,7.208565950393677
8,64,782,41206970,4,6.986743927001953
8,64,782,41206970,4,7.2977135181427
8,64,782,41206970,4,7.5870325565338135
8,64,782,41206970,4,7.3888325691223145
8,64,782,41206970,4,7.3978111743927
8,64,782,41206970,4,7.603813648223877
8,64,782,41206970,4,7.592883825302124
8,64,782,41206970,4,7.702276706695557
8,64,782,41206970,4,8.093459367752075
8,64,782,29787522,0,7.6989076137542725
8,64,782,29787522,0,8.002521514892578
8,64,782,29787522,0,8.496922969818115
8,64,782,29787522,0,7.517993450164795
8,64,782,29787522,0,7.117065191268921
8,64,782,29787522,0,7.299201726913452
8,64,782,29787522,0,7.5114521980285645
8,64,782,29787522,0,7.399022817611694
8,64,782,29787522,0,6.898289442062378
8,64,782,29787522,0,6.91188383102417
8,64,782,29787522,0,7.595010995864868
8,64,782,29787522,1,7.5937347412109375
8,64,782,29787522,1,7.111724853515625
8,64,782,29787522,1,7.004795074462891
8,64,782,29787522,1,7.705024242401123
8,64,782,29787522,1,7.991409540176392
8,64,782,29787522,1,7.2956154346466064
8,64,782,29787522,1,7.008402347564697
8,64,782,29787522,1,6.887544631958008
8,64,782,29787522,1,6.9867377281188965
8,64,782,29787522,1,7.5891828536987305
8,64,782,29787522,1,7.1964662075042725
8,64,782,29787522,2,7.40075421333313
8,64,782,29787522,2,7.501482725143433
8,64,782,29787522,2,7.699836730957031
8,64,782,29787522,2,7.097611904144287
8,64,782,29787522,2,7.091250896453857
8,64,782,29787522,2,7.1041953563690186
8,64,782,29787522,2,7.305922269821167
8,64,782,29787522,2,7.088236331939697
8,64,782,29787522,2,7.789683103561401
8,64,782,29787522,2,7.514668226242065
8,64,782,29787522,2,7.003243923187256
8,64,782,29787522,3,7.2007081508636475
8,64,782,29787522,3,7.194544792175293
8,64,782,29787522,3,7.009482383728027
8,64,782,29787522,3,6.805315732955933
8,64,782,29787522,3,7.098459959030151
8,64,782,29787522,3,7.090119123458862
8,64,782,29787522,3,7.201374530792236
8,64,782,29787522,3,6.792489290237427
8,64,782,29787522,3,6.992621183395386
8,64,782,29787522,3,7.195798635482788
8,64,782,29787522,3,7.209949970245361
8,64,782,29787522,4,7.496411561965942
8,64,782,29787522,4,7.393915176391602
8,64,782,29787522,4,7.497334003448486
8,64,782,29787522,4,7.897949934005737
8,64,782,29787522,4,6.926054239273071
8,64,782,29787522,4,7.90020227432251
8,64,782,29787522,4,7.013640403747559
8,64,782,29787522,4,7.193026065826416
8,64,782,29787522,4,6.8950018882751465
8,64,782,29787522,4,7.306385517120361
8,64,782,29787522,4,7.313222169876099
8,128,391,57044810,0,13.591096878051758
8,128,391,57044810,0,13.786923170089722
8,128,391,57044810,0,13.78341031074524
8,128,391,57044810,0,12.387839317321777
8,128,391,57044810,0,12.985851049423218
8,128,391,57044810,0,11.995088577270508
8,128,391,57044810,0,12.491373777389526
8,128,391,57044810,0,13.284220457077026
8,128,391,57044810,0,13.292154550552368
8,128,391,57044810,0,12.19080400466919
8,128,391,57044810,0,11.901368379592896
8,128,391,57044810,1,11.996059894561768
8,128,391,57044810,1,12.504082679748535
8,128,391,57044810,1,12.701143980026245
8,128,391,57044810,1,12.38547682762146
8,128,391,57044810,1,12.498430013656616
8,128,391,57044810,1,12.58671259880066
8,128,391,57044810,1,12.209885597229004
8,128,391,57044810,1,12.791637897491455
8,128,391,57044810,1,11.78791093826294
8,128,391,57044810,1,12.595799446105957
8,128,391,57044810,1,12.388156652450562
8,128,391,57044810,2,12.095818519592285
8,128,391,57044810,2,11.888023614883423
8,128,391,57044810,2,11.789037227630615
8,128,391,57044810,2,12.199287414550781
8,128,391,57044810,2,12.286617279052734
8,128,391,57044810,2,12.809892654418945
8,128,391,57044810,2,12.49345350265503
8,128,391,57044810,2,12.403132438659668
8,128,391,57044810,2,12.683695554733276
8,128,391,57044810,2,12.100598812103271
8,128,391,57044810,2,12.294657707214355
8,128,391,57044810,3,12.986732721328735
8,128,391,57044810,3,12.409872055053711
8,128,391,57044810,3,12.692211151123047
8,128,391,57044810,3,12.890104532241821
8,128,391,57044810,3,12.305928468704224
8,128,391,57044810,3,12.390610933303833
8,128,391,57044810,3,11.795397996902466
8,128,391,57044810,3,11.889679670333862
8,128,391,57044810,3,12.49137830734253
8,128,391,57044810,3,12.50244402885437
8,128,391,57044810,3,13.18598747253418
8,128,391,57044810,4,12.190869331359863
8,128,391,57044810,4,12.102875471115112
8,128,391,57044810,4,11.888276100158691
8,128,391,57044810,4,12.386723041534424
8,128,391,57044810,4,12.403234481811523
8,128,391,57044810,4,11.693042278289795
8,128,391,57044810,4,12.38494348526001
8,128,391,57044810,4,12.21422004699707
8,128,391,57044810,4,12.683354616165161
8,128,391,57044810,4,12.30089259147644
8,128,391,57044810,4,11.595927238464355
8,128,391,41206970,0,12.205328226089478
8,128,391,41206970,0,13.190494537353516
8,128,391,41206970,0,12.291985273361206
8,128,391,41206970,0,10.997483491897583
8,128,391,41206970,0,11.1857008934021
8,128,391,41206970,0,11.996573686599731
8,128,391,41206970,0,11.595706939697266
8,128,391,41206970,0,11.794121503829956
8,128,391,41206970,0,12.10723066329956
8,128,391,41206970,0,10.89561676979065
8,128,391,41206970,0,11.287205457687378
8,128,391,41206970,1,10.788000583648682
8,128,391,41206970,1,11.788018226623535
8,128,391,41206970,1,11.98477053642273
8,128,391,41206970,1,10.809299945831299
8,128,391,41206970,1,11.19506573677063
8,128,391,41206970,1,11.09878158569336
8,128,391,41206970,1,11.488595008850098
8,128,391,41206970,1,11.587827205657959
8,128,391,41206970,1,11.491830825805664
8,128,391,41206970,1,11.000476121902466
8,128,391,41206970,1,11.09537386894226
8,128,391,41206970,2,11.391371965408325
8,128,391,41206970,2,11.4898841381073
8,128,391,41206970,2,11.788227081298828
8,128,391,41206970,2,10.883984327316284
8,128,391,41206970,2,11.31041955947876
8,128,391,41206970,2,11.58750605583191
8,128,391,41206970,2,11.201963424682617
8,128,391,41206970,2,10.984918594360352
8,128,391,41206970,2,11.101854801177979
8,128,391,41206970,2,11.981975555419922
8,128,391,41206970,2,11.293605327606201
8,128,391,41206970,3,10.899276733398438
8,128,391,41206970,3,11.502859830856323
8,128,391,41206970,3,11.196183919906616
8,128,391,41206970,3,10.80176305770874
8,128,391,41206970,3,11.187228441238403
8,128,391,41206970,3,11.188049554824829
8,128,391,41206970,3,11.29012131690979
8,128,391,41206970,3,11.690717220306396
8,128,391,41206970,3,10.58970022201538
8,128,391,41206970,3,11.486500263214111
8,128,391,41206970,3,11.093368768692017
8,128,391,41206970,4,11.88374924659729
8,128,391,41206970,4,11.584182739257812
8,128,391,41206970,4,11.5875244140625
8,128,391,41206970,4,11.597366571426392
8,128,391,41206970,4,11.196745157241821
8,128,391,41206970,4,11.200358867645264
8,128,391,41206970,4,11.28813123703003
8,128,391,41206970,4,11.091123580932617
8,128,391,41206970,4,11.187778949737549
8,128,391,41206970,4,11.091758251190186
8,128,391,41206970,4,11.58621335029602
8,128,391,29787522,0,11.703571081161499
8,128,391,29787522,0,12.986028671264648
8,128,391,29787522,0,11.094192504882812
8,128,391,29787522,0,10.790930986404419
8,128,391,29787522,0,11.088537216186523
8,128,391,29787522,0,10.704083919525146
8,128,391,29787522,0,11.692615747451782
8,128,391,29787522,0,10.498496770858765
8,128,391,29787522,0,11.385315656661987
8,128,391,29787522,0,11.093180418014526
8,128,391,29787522,0,10.90561032295227
8,128,391,29787522,1,11.00087285041809
8,128,391,29787522,1,11.30779242515564
8,128,391,29787522,1,11.092690467834473
8,128,391,29787522,1,10.805030822753906
8,128,391,29787522,1,11.296878814697266
8,128,391,29787522,1,11.393318176269531
8,128,391,29787522,1,10.888427495956421
8,128,391,29787522,1,10.491711854934692
8,128,391,29787522,1,10.705628633499146
8,128,391,29787522,1,10.894675254821777
8,128,391,29787522,1,11.494007110595703
8,128,391,29787522,2,10.88506269454956
8,128,391,29787522,2,10.184043884277344
8,128,391,29787522,2,10.68722128868103
8,128,391,29787522,2,10.789140462875366
8,128,391,29787522,2,11.090964555740356
8,128,391,29787522,2,11.007333993911743
8,128,391,29787522,2,10.792768955230713
8,128,391,29787522,2,11.420217275619507
8,128,391,29787522,2,11.088984489440918
8,128,391,29787522,2,10.987215995788574
8,128,391,29787522,2,11.197839975357056
8,128,391,29787522,3,10.895983695983887
8,128,391,29787522,3,10.509037017822266
8,128,391,29787522,3,11.106353044509888
8,128,391,29787522,3,11.002750158309937
8,128,391,29787522,3,11.19407606124878
8,128,391,29787522,3,10.887591123580933
8,128,391,29787522,3,10.801915168762207
8,128,391,29787522,3,11.105742454528809
8,128,391,29787522,3,11.201876401901245
8,128,391,29787522,3,10.784242630004883
8,128,391,29787522,3,10.888559818267822
8,128,391,29787522,4,11.305821418762207
8,128,391,29787522,4,10.690535545349121
8,128,391,29787522,4,10.70667290687561
8,128,391,29787522,4,10.794038534164429
8,128,391,29787522,4,11.096086263656616
8,128,391,29787522,4,11.002691745758057
8,128,391,29787522,4,10.69098424911499
8,128,391,29787522,4,10.706359386444092
8,128,391,29787522,4,10.796689987182617
8,128,391,29787522,4,10.98973822593689
8,128,391,29787522,4,11.18956995010376
4,32,1563,57044810,0,30.901906967163086
4,32,1563,57044810,0,30.80033254623413
4,32,1563,57044810,0,26.99784517288208
4,32,1563,57044810,0,28.498373985290527
4,32,1563,57044810,0,24.698747396469116
4,32,1563,57044810,0,26.199222564697266
4,32,1563,57044810,0,25.69805669784546
4,32,1563,57044810,0,24.800640106201172
4,32,1563,57044810,0,23.89792561531067
4,32,1563,57044810,0,21.599091053009033
4,32,1563,57044810,0,26.400076389312744
4,32,1563,57044810,1,22.098909854888916
4,32,1563,57044810,1,23.291260242462158
4,32,1563,57044810,1,23.89965009689331
4,32,1563,57044810,1,25.0968337059021
4,32,1563,57044810,1,24.298286199569702
4,32,1563,57044810,1,22.101195335388184
4,32,1563,57044810,1,23.5995671749115
4,32,1563,57044810,1,23.60015320777893
4,32,1563,57044810,1,24.901599407196045
4,32,1563,57044810,1,24.90160632133484
4,32,1563,57044810,1,25.101198434829712
4,32,1563,57044810,2,23.799394607543945
4,32,1563,57044810,2,22.60094451904297
4,32,1563,57044810,2,23.800976037979126
4,32,1563,57044810,2,26.402395725250244
4,32,1563,57044810,2,23.688498497009277
4,32,1563,57044810,2,23.70102310180664
4,32,1563,57044810,2,23.29824733734131
4,32,1563,57044810,2,22.801634788513184
4,32,1563,57044810,2,24.39925479888916
4,32,1563,57044810,2,25.20110011100769
4,32,1563,57044810,2,27.498488426208496
4,32,1563,57044810,3,24.401194095611572
4,32,1563,57044810,3,23.601229190826416
4,32,1563,57044810,3,26.70196008682251
4,32,1563,57044810,3,25.4994215965271
4,32,1563,57044810,3,25.999594926834106
4,32,1563,57044810,3,28.499268531799316
4,32,1563,57044810,3,22.2017822265625
4,32,1563,57044810,3,23.699223041534424
4,32,1563,57044810,3,24.501455068588257
4,32,1563,57044810,3,21.1003634929657
4,32,1563,57044810,3,21.30154585838318
4,32,1563,57044810,4,22.800623655319214
4,32,1563,57044810,4,23.298874616622925
4,32,1563,57044810,4,26.39947199821472
4,32,1563,57044810,4,22.997793436050415
4,32,1563,57044810,4,20.70011019706726
4,32,1563,57044810,4,22.701038122177124
4,32,1563,57044810,4,21.59994649887085
4,32,1563,57044810,4,23.499687910079956
4,32,1563,57044810,4,21.80181384086609
4,32,1563,57044810,4,25.99966788291931
4,32,1563,57044810,4,22.899867296218872
4,32,1563,41206970,0,28.104329347610474
4,32,1563,41206970,0,24.602022886276245
4,32,1563,41206970,0,22.80639386177063
4,32,1563,41206970,0,22.900207996368408
4,32,1563,41206970,0,24.898751497268677
4,32,1563,41206970,0,23.209659814834595
4,32,1563,41206970,0,24.298327207565308
4,32,1563,41206970,0,23.59878969192505
4,32,1563,41206970,0,25.39805030822754
4,32,1563,41206970,0,23.702861309051514
4,32,1563,41206970,0,25.00956654548645
4,32,1563,41206970,1,26.29845404624939
4,32,1563,41206970,1,23.000962257385254
4,32,1563,41206970,1,23.4998459815979
4,32,1563,41206970,1,24.508796215057373
4,32,1563,41206970,1,24.609339475631714
4,32,1563,41206970,1,26.198211669921875
4,32,1563,41206970,1,24.500062465667725
4,32,1563,41206970,1,22.597517013549805
4,32,1563,41206970,1,24.100091457366943
4,32,1563,41206970,1,25.50216031074524
4,32,1563,41206970,1,25.302565574645996
4,32,1563,41206970,2,25.007908582687378
4,32,1563,41206970,2,24.205093383789062
4,32,1563,41206970,2,25.906774282455444
4,32,1563,41206970,2,22.998074769973755
4,32,1563,41206970,2,23.205960988998413
4,32,1563,41206970,2,25.30839991569519
4,32,1563,41206970,2,24.199068546295166
4,32,1563,41206970,2,24.29885482788086
4,32,1563,41206970,2,24.609375953674316
4,32,1563,41206970,2,22.60281014442444
4,32,1563,41206970,2,23.200507879257202
4,32,1563,41206970,3,24.09889817237854
4,32,1563,41206970,3,24.597481727600098
4,32,1563,41206970,3,24.209736585617065
4,32,1563,41206970,3,25.601736068725586
4,32,1563,41206970,3,23.90398383140564
4,32,1563,41206970,3,23.894080638885498
4,32,1563,41206970,3,23.510063886642456
4,32,1563,41206970,3,22.09889268875122
4,32,1563,41206970,3,25.901267766952515
4,32,1563,41206970,3,23.19378352165222
4,32,1563,41206970,3,24.197287797927856
4,32,1563,41206970,4,25.101755619049072
4,32,1563,41206970,4,24.898455142974854
4,32,1563,41206970,4,23.399296522140503
4,32,1563,41206970,4,24.701292514801025
4,32,1563,41206970,4,22.999398469924927
4,32,1563,41206970,4,24.300381898880005
4,32,1563,41206970,4,22.70709252357483
4,32,1563,41206970,4,21.699105978012085
4,32,1563,41206970,4,23.691417694091797
4,32,1563,41206970,4,24.59988045692444
4,32,1563,41206970,4,21.90165376663208
4,32,1563,29787522,0,22.007580280303955
4,32,1563,29787522,0,24.897934675216675
4,32,1563,29787522,0,27.498405933380127
4,32,1563,29787522,0,22.196897983551025
4,32,1563,29787522,0,21.700648069381714
4,32,1563,29787522,0,22.297693252563477
4,32,1563,29787522,0,24.201215982437134
4,32,1563,29787522,0,21.300848722457886
4,32,1563,29787522,0,21.600271701812744
4,32,1563,29787522,0,22.500455379486084
4,32,1563,29787522,0,22.499791383743286
4,32,1563,29787522,1,21.50165581703186
4,32,1563,29787522,1,22.599884748458862
4,32,1563,29787522,1,23.285698175430298
4,32,1563,29787522,1,24.504436492919922
4,32,1563,29787522,1,20.909183263778687
4,32,1563,29787522,1,20.799964427947998
4,32,1563,29787522,1,20.497181177139282
4,32,1563,29787522,1,25.300634384155273
4,32,1563,29787522,1,21.10354518890381
4,32,1563,29787522,1,21.90303897857666
4,32,1563,29787522,1,20.192976474761963
4,32,1563,29787522,2,22.101318836212158
4,32,1563,29787522,2,22.58760356903076
4,32,1563,29787522,2,20.600619554519653
4,32,1563,29787522,2,19.995091915130615
4,32,1563,29787522,2,20.400062322616577
4,32,1563,29787522,2,20.998635292053223
4,32,1563,29787522,2,18.599176168441772
4,32,1563,29787522,2,22.797321319580078
4,32,1563,29787522,2,21.100769758224487
4,32,1563,29787522,2,20.69513773918152
4,32,1563,29787522,2,18.699337005615234
4,32,1563,29787522,3,21.589686393737793
4,32,1563,29787522,3,20.500205278396606
4,32,1563,29787522,3,20.60093331336975
4,32,1563,29787522,3,22.800588607788086
4,32,1563,29787522,3,21.502246379852295
4,32,1563,29787522,3,21.212007761001587
4,32,1563,29787522,3,22.704195261001587
4,32,1563,29787522,3,20.800785064697266
4,32,1563,29787522,3,22.000167846679688
4,32,1563,29787522,3,23.300963401794434
4,32,1563,29787522,3,23.08750867843628
4,32,1563,29787522,4,21.501220226287842
4,32,1563,29787522,4,23.590354919433594
4,32,1563,29787522,4,21.10086464881897
4,32,1563,29787522,4,24.790034532546997
4,32,1563,29787522,4,20.800509929656982
4,32,1563,29787522,4,21.801085710525513
4,32,1563,29787522,4,22.90079975128174
4,32,1563,29787522,4,21.903424978256226
4,32,1563,29787522,4,20.599773406982422
4,32,1563,29787522,4,22.590017318725586
4,32,1563,29787522,4,21.298030614852905
4,64,782,57044810,0,21.89676070213318
4,64,782,57044810,0,21.29184603691101
4,64,782,57044810,0,21.199820041656494
4,64,782,57044810,0,20.79603409767151
4,64,782,57044810,0,18.598206520080566
4,64,782,57044810,0,20.296116828918457
4,64,782,57044810,0,19.299320936203003
4,64,782,57044810,0,21.400700092315674
4,64,782,57044810,0,20.003326416015625
4,64,782,57044810,0,18.09307312965393
4,64,782,57044810,0,18.999088764190674
4,64,782,57044810,1,20.901113271713257
4,64,782,57044810,1,18.695297241210938
4,64,782,57044810,1,18.89961266517639
4,64,782,57044810,1,20.200013399124146
4,64,782,57044810,1,19.6000919342041
4,64,782,57044810,1,20.09966278076172
4,64,782,57044810,1,21.2008318901062
4,64,782,57044810,1,20.09951424598694
4,64,782,57044810,1,18.69826102256775
4,64,782,57044810,1,21.393171787261963
4,64,782,57044810,1,19.898385286331177
4,64,782,57044810,2,19.393779277801514
4,64,782,57044810,2,19.098692893981934
4,64,782,57044810,2,19.696035861968994
4,64,782,57044810,2,19.900716543197632
4,64,782,57044810,2,19.00194215774536
4,64,782,57044810,2,18.999080181121826
4,64,782,57044810,2,20.592954874038696
4,64,782,57044810,2,18.69933557510376
4,64,782,57044810,2,19.289410829544067
4,64,782,57044810,2,20.10011887550354
4,64,782,57044810,2,17.99532461166382
4,64,782,57044810,3,18.596774578094482
4,64,782,57044810,3,20.391156435012817
4,64,782,57044810,3,19.49790930747986
4,64,782,57044810,3,21.29344892501831
4,64,782,57044810,3,20.099005460739136
4,64,782,57044810,3,19.695968866348267
4,64,782,57044810,3,19.196117162704468
4,64,782,57044810,3,19.20383095741272
4,64,782,57044810,3,19.000021934509277
4,64,782,57044810,3,19.80401849746704
4,64,782,57044810,3,18.502171993255615
4,64,782,57044810,4,20.394304752349854
4,64,782,57044810,4,20.99944496154785
4,64,782,57044810,4,20.186504364013672
4,64,782,57044810,4,20.60199236869812
4,64,782,57044810,4,18.701863765716553
4,64,782,57044810,4,19.498802423477173
4,64,782,57044810,4,17.9958176612854
4,64,782,57044810,4,18.197899103164673
4,64,782,57044810,4,20.490221977233887
4,64,782,57044810,4,18.001447677612305
4,64,782,57044810,4,19.297099113464355
4,64,782,41206970,0,18.50586438179016
4,64,782,41206970,0,19.896955013275146
4,64,782,41206970,0,19.59827947616577
4,64,782,41206970,0,18.484758138656616
4,64,782,41206970,0,17.399733066558838
4,64,782,41206970,0,18.699875593185425
4,64,782,41206970,0,18.101746082305908
4,64,782,41206970,0,17.898932456970215
4,64,782,41206970,0,17.705198287963867
4,64,782,41206970,0,17.297941207885742
4,64,782,41206970,0,18.69262146949768
4,64,782,41206970,1,19.31339406967163
4,64,782,41206970,1,17.201064825057983
4,64,782,41206970,1,18.70006513595581
4,64,782,41206970,1,17.19918966293335
4,64,782,41206970,1,16.8103928565979
4,64,782,41206970,1,18.601725816726685
4,64,782,41206970,1,17.901585578918457
4,64,782,41206970,1,18.014897346496582
4,64,782,41206970,1,19.006934642791748
4,64,782,41206970,1,17.698134660720825
4,64,782,41206970,1,19.100258588790894
4,64,782,41206970,2,18.596959590911865
4,64,782,41206970,2,17.503795385360718
4,64,782,41206970,2,17.499847173690796
4,64,782,41206970,2,18.199386596679688
4,64,782,41206970,2,17.401686191558838
4,64,782,41206970,2,18.0990993976593
4,64,782,41206970,2,18.896605014801025
4,64,782,41206970,2,18.999915838241577
4,64,782,41206970,2,18.499446153640747
4,64,782,41206970,2,19.19765567779541
4,64,782,41206970,2,18.997151851654053
4,64,782,41206970,3,17.197322368621826
4,64,782,41206970,3,17.290207147598267
4,64,782,41206970,3,17.60133719444275
4,64,782,41206970,3,18.801408290863037
4,64,782,41206970,3,17.594332456588745
4,64,782,41206970,3,17.899885654449463
4,64,782,41206970,3,16.702847719192505
4,64,782,41206970,3,16.899375677108765
4,64,782,41206970,3,17.192636728286743
4,64,782,41206970,3,18.201038360595703
4,64,782,41206970,3,17.400617122650146
4,64,782,41206970,4,18.698843955993652
4,64,782,41206970,4,18.39749264717102
4,64,782,41206970,4,19.599716424942017
4,64,782,41206970,4,18.70024609565735
4,64,782,41206970,4,17.404298543930054
4,64,782,41206970,4,18.601489782333374
4,64,782,41206970,4,18.19864296913147
4,64,782,41206970,4,18.30110502243042
4,64,782,41206970,4,18.602677583694458
4,64,782,41206970,4,17.698437213897705
4,64,782,41206970,4,18.793660879135132
4,64,782,29787522,0,19.39819312095642
4,64,782,29787522,0,19.69819974899292
4,64,782,29787522,0,18.193593502044678
4,64,782,29787522,0,19.592859268188477
4,64,782,29787522,0,18.39439606666565
4,64,782,29787522,0,18.595813751220703
4,64,782,29787522,0,15.892224788665771
4,64,782,29787522,0,17.193078756332397
4,64,782,29787522,0,16.695109367370605
4,64,782,29787522,0,18.397576570510864
4,64,782,29787522,0,18.303776025772095
4,64,782,29787522,1,17.993489980697632
4,64,782,29787522,1,16.59258508682251
4,64,782,29787522,1,16.38998579978943
4,64,782,29787522,1,17.19553852081299
4,64,782,29787522,1,17.59340190887451
4,64,782,29787522,1,16.50256037712097
4,64,782,29787522,1,16.39985227584839
4,64,782,29787522,1,18.093734741210938
4,64,782,29787522,1,18.391231536865234
4,64,782,29787522,1,16.495370388031006
4,64,782,29787522,1,17.29613208770752
4,64,782,29787522,2,17.391037702560425
4,64,782,29787522,2,16.29586172103882
4,64,782,29787522,2,19.39274787902832
4,64,782,29787522,2,17.601798057556152
4,64,782,29787522,2,17.99881601333618
4,64,782,29787522,2,17.394577741622925
4,64,782,29787522,2,18.193719625473022
4,64,782,29787522,2,17.30274200439453
4,64,782,29787522,2,17.794650554656982
4,64,782,29787522,2,16.68875026702881
4,64,782,29787522,2,16.696190118789673
4,64,782,29787522,3,18.794792890548706
4,64,782,29787522,3,18.891175031661987
4,64,782,29787522,3,17.092719554901123
4,64,782,29787522,3,17.592374324798584
4,64,782,29787522,3,17.299030780792236
4,64,782,29787522,3,17.79994225502014
4,64,782,29787522,3,17.893808126449585
4,64,782,29787522,3,17.18645668029785
4,64,782,29787522,3,17.59158420562744
4,64,782,29787522,3,16.99287462234497
4,64,782,29787522,3,17.098134756088257
4,64,782,29787522,4,18.50124478340149
4,64,782,29787522,4,17.489859342575073
4,64,782,29787522,4,18.100034475326538
4,64,782,29787522,4,19.19092297554016
4,64,782,29787522,4,18.79067897796631
4,64,782,29787522,4,18.291983604431152
4,64,782,29787522,4,16.396947860717773
4,64,782,29787522,4,17.19221591949463
4,64,782,29787522,4,16.802285194396973
4,64,782,29787522,4,17.301396369934082
4,64,782,29787522,4,18.203295707702637
4,128,391,57044810,0,30.796351671218872
4,128,391,57044810,0,29.59582209587097
4,128,391,57044810,0,30.189446687698364
4,128,391,57044810,0,30.28437900543213
4,128,391,57044810,0,28.894091844558716
4,128,391,57044810,0,29.09347653388977
4,128,391,57044810,0,30.58956503868103
4,128,391,57044810,0,29.98768162727356
4,128,391,57044810,0,29.789448738098145
4,128,391,57044810,0,28.290306091308594
4,128,391,57044810,0,30.094767332077026
4,128,391,57044810,1,29.395378351211548
4,128,391,57044810,1,30.692604541778564
4,128,391,57044810,1,29.58873438835144
4,128,391,57044810,1,29.389233827590942
4,128,391,57044810,1,28.29476261138916
4,128,391,57044810,1,29.39372229576111
4,128,391,57044810,1,28.4980571269989
4,128,391,57044810,1,29.18612241744995
4,128,391,57044810,1,28.58811044692993
4,128,391,57044810,1,29.288110971450806
4,128,391,57044810,1,29.301625728607178
4,128,391,57044810,2,27.796371459960938
4,128,391,57044810,2,29.587270498275757
4,128,391,57044810,2,30.589503526687622
4,128,391,57044810,2,28.68883466720581
4,128,391,57044810,2,29.894626140594482
4,128,391,57044810,2,28.698673248291016
4,128,391,57044810,2,30.095484495162964
4,128,391,57044810,2,30.596185207366943
4,128,391,57044810,2,28.887579679489136
4,128,391,57044810,2,28.809576988220215
4,128,391,57044810,2,28.791003227233887
4,128,391,57044810,3,29.288686513900757
4,128,391,57044810,3,28.191251277923584
4,128,391,57044810,3,29.99468207359314
4,128,391,57044810,3,30.387738943099976
4,128,391,57044810,3,29.400287866592407
4,128,391,57044810,3,27.691233158111572
4,128,391,57044810,3,29.396934270858765
4,128,391,57044810,3,27.4009268283844
4,128,391,57044810,3,29.98679780960083
4,128,391,57044810,3,28.69516158103943
4,128,391,57044810,3,29.18900728225708
4,128,391,57044810,4,29.29489517211914
4,128,391,57044810,4,28.688308715820312
4,128,391,57044810,4,29.195748329162598
4,128,391,57044810,4,28.100460529327393
4,128,391,57044810,4,29.386616945266724
4,128,391,57044810,4,27.88789987564087
4,128,391,57044810,4,28.98720359802246
4,128,391,57044810,4,28.49507975578308
4,128,391,57044810,4,28.09890604019165
4,128,391,57044810,4,28.697524547576904
4,128,391,57044810,4,27.586312294006348
4,128,391,41206970,0,28.397449254989624
4,128,391,41206970,0,27.38890027999878
4,128,391,41206970,0,26.587301015853882
4,128,391,41206970,0,24.7994065284729
4,128,391,41206970,0,26.189558744430542
4,128,391,41206970,0,25.988912105560303
4,128,391,41206970,0,26.19098973274231
4,128,391,41206970,0,25.089116096496582
4,128,391,41206970,0,24.986775875091553
4,128,391,41206970,0,25.513039588928223
4,128,391,41206970,0,27.19343590736389
4,128,391,41206970,1,24.490455865859985
4,128,391,41206970,1,25.295032739639282
4,128,391,41206970,1,26.294461011886597
4,128,391,41206970,1,25.09657382965088
4,128,391,41206970,1,26.595927238464355
4,128,391,41206970,1,26.702956199645996
4,128,391,41206970,1,25.8894784450531
4,128,391,41206970,1,26.99748420715332
4,128,391,41206970,1,26.189571380615234
4,128,391,41206970,1,27.388445615768433
4,128,391,41206970,1,26.504881143569946
4,128,391,41206970,2,25.488061904907227
4,128,391,41206970,2,25.693441152572632
4,128,391,41206970,2,27.091129541397095
4,128,391,41206970,2,25.79335308074951
4,128,391,41206970,2,25.892531156539917
4,128,391,41206970,2,26.28693699836731
4,128,391,41206970,2,25.98779010772705
4,128,391,41206970,2,26.586522102355957
4,128,391,41206970,2,25.787508726119995
4,128,391,41206970,2,26.39643168449402
4,128,391,41206970,2,25.792579174041748
4,128,391,41206970,3,27.198551177978516
4,128,391,41206970,3,27.69667625427246
4,128,391,41206970,3,26.401705503463745
4,128,391,41206970,3,25.20054793357849
4,128,391,41206970,3,25.68886709213257
4,128,391,41206970,3,26.190503358840942
4,128,391,41206970,3,25.186914205551147
4,128,391,41206970,3,25.692119359970093
4,128,391,41206970,3,25.388749361038208
4,128,391,41206970,3,25.7949059009552
4,128,391,41206970,3,25.188233852386475
4,128,391,41206970,4,27.093228340148926
4,128,391,41206970,4,26.2867534160614
4,128,391,41206970,4,25.08993911743164
4,128,391,41206970,4,26.203519582748413
4,128,391,41206970,4,25.58785843849182
4,128,391,41206970,4,25.88784909248352
4,128,391,41206970,4,26.489386796951294
4,128,391,41206970,4,26.489214181900024
4,128,391,41206970,4,25.69676899909973
4,128,391,41206970,4,25.88655662536621
4,128,391,41206970,4,26.792977571487427
4,128,391,29787522,0,29.39978790283203
4,128,391,29787522,0,26.387624740600586
4,128,391,29787522,0,26.596749782562256
4,128,391,29787522,0,25.289409637451172
4,128,391,29787522,0,25.497247457504272
4,128,391,29787522,0,24.591216325759888
4,128,391,29787522,0,26.89323663711548
4,128,391,29787522,0,26.291595697402954
4,128,391,29787522,0,25.198116540908813
4,128,391,29787522,0,25.989258766174316
4,128,391,29787522,0,26.201765537261963
4,128,391,29787522,1,26.59603261947632
4,128,391,29787522,1,26.194765329360962
4,128,391,29787522,1,23.998741626739502
4,128,391,29787522,1,26.28621244430542
4,128,391,29787522,1,25.791313648223877
4,128,391,29787522,1,24.79535722732544
4,128,391,29787522,1,26.49530291557312
4,128,391,29787522,1,25.69425868988037
4,128,391,29787522,1,25.495103359222412
4,128,391,29787522,1,26.795612573623657
4,128,391,29787522,1,26.994348764419556
4,128,391,29787522,2,25.88772940635681
4,128,391,29787522,2,26.89642596244812
4,128,391,29787522,2,26.486733198165894
4,128,391,29787522,2,26.089905738830566
4,128,391,29787522,2,26.39396095275879
4,128,391,29787522,2,25.088627815246582
4,128,391,29787522,2,25.69348931312561
4,128,391,29787522,2,25.401893615722656
4,128,391,29787522,2,25.08853554725647
4,128,391,29787522,2,25.30094075202942
4,128,391,29787522,2,26.59083843231201
4,128,391,29787522,3,24.993691444396973
4,128,391,29787522,3,26.19641613960266
4,128,391,29787522,3,26.188040256500244
4,128,391,29787522,3,27.092209100723267
4,128,391,29787522,3,26.087748527526855
4,128,391,29787522,3,25.486111879348755
4,128,391,29787522,3,24.70169496536255
4,128,391,29787522,3,25.603841543197632
4,128,391,29787522,3,25.503098726272583
4,128,391,29787522,3,23.502491235733032
4,128,391,29787522,3,25.100032329559326
4,128,391,29787522,4,25.389622449874878
4,128,391,29787522,4,24.499096632003784
4,128,391,29787522,4,25.488446474075317
4,128,391,29787522,4,24.801609754562378
4,128,391,29787522,4,25.48877239227295
4,128,391,29787522,4,24.69648313522339
4,128,391,29787522,4,25.5968337059021
4,128,391,29787522,4,25.387165069580078
4,128,391,29787522,4,26.2875657081604
4,128,391,29787522,4,26.489654064178467
4,128,391,29787522,4,25.690786838531494
2,32,1563,57044810,0,84.59792017936707
2,32,1563,57044810,0,77.39755988121033
2,32,1563,57044810,0,70.70226263999939
2,32,1563,57044810,0,70.00056004524231
2,32,1563,57044810,0,72.89751935005188
2,32,1563,57044810,0,74.19908165931702
2,32,1563,57044810,0,72.09894227981567
2,32,1563,57044810,0,73.39836764335632
2,32,1563,57044810,0,70.19826912879944
2,32,1563,57044810,0,71.70093584060669
2,32,1563,57044810,0,75.59950757026672
2,32,1563,57044810,1,66.20940279960632
2,32,1563,57044810,1,67.39985013008118
2,32,1563,57044810,1,71.89922451972961
2,32,1563,57044810,1,73.40231275558472
2,32,1563,57044810,1,73.19632077217102
2,32,1563,57044810,1,68.29768967628479
2,32,1563,57044810,1,73.29967665672302
2,32,1563,57044810,1,67.50235390663147
2,32,1563,57044810,1,67.10003709793091
2,32,1563,57044810,1,65.09778690338135
2,32,1563,57044810,1,70.69885277748108
2,32,1563,57044810,2,68.1968445777893
2,32,1563,57044810,2,73.89777159690857
2,32,1563,57044810,2,64.10177826881409
2,32,1563,57044810,2,64.49979376792908
2,32,1563,57044810,2,70.90160751342773
2,32,1563,57044810,2,72.10207533836365
2,32,1563,57044810,2,70.1004147529602
2,32,1563,57044810,2,72.19918084144592
2,32,1563,57044810,2,73.8000078201294
2,32,1563,57044810,2,70.6001079082489
2,32,1563,57044810,2,73.5001847743988
2,32,1563,57044810,3,69.09919095039368
2,32,1563,57044810,3,76.60028791427612
2,32,1563,57044810,3,66.69811582565308
2,32,1563,57044810,3,71.60101580619812
2,32,1563,57044810,3,73.69733452796936
2,32,1563,57044810,3,71.4997980594635
2,32,1563,57044810,3,74.10078263282776
2,32,1563,57044810,3,66.50020790100098
2,32,1563,57044810,3,63.49908423423767
2,32,1563,57044810,3,66.90146064758301
2,32,1563,57044810,3,65.4995059967041
2,32,1563,57044810,4,63.50064659118652
2,32,1563,57044810,4,67.201669216156
2,32,1563,57044810,4,72.693598985672
2,32,1563,57044810,4,68.99898147583008
2,32,1563,57044810,4,72.10145258903503
2,32,1563,57044810,4,71.30069279670715
2,32,1563,57044810,4,71.59877467155457
2,32,1563,57044810,4,69.19769740104675
2,32,1563,57044810,4,67.70083355903625
2,32,1563,57044810,4,72.40052604675293
2,32,1563,57044810,4,69.39720344543457
2,32,1563,41206970,0,84.29861283302307
2,32,1563,41206970,0,76.49961876869202
2,32,1563,41206970,0,73.30153036117554
2,32,1563,41206970,0,79.90142631530762
2,32,1563,41206970,0,86.89983773231506
2,32,1563,41206970,0,68.59932780265808
2,32,1563,41206970,0,74.30035710334778
2,32,1563,41206970,0,73.09926390647888
2,32,1563,41206970,0,70.79814624786377
2,32,1563,41206970,0,71.30186796188354
2,32,1563,41206970,0,77.40133142471313
2,32,1563,41206970,1,73.30597615242004
2,32,1563,41206970,1,79.20214128494263
2,32,1563,41206970,1,72.39909982681274
2,32,1563,41206970,1,72.69905614852905
2,32,1563,41206970,1,75.20096063613892
2,32,1563,41206970,1,76.7017126083374
2,32,1563,41206970,1,75.09844183921814
2,32,1563,41206970,1,76.49865579605103
2,32,1563,41206970,1,74.20107579231262
2,32,1563,41206970,1,74.60082864761353
2,32,1563,41206970,1,73.60078525543213
2,32,1563,41206970,2,79.09835529327393
2,32,1563,41206970,2,77.69836926460266
2,32,1563,41206970,2,73.7003927230835
2,32,1563,41206970,2,74.40195846557617
2,32,1563,41206970,2,76.09814310073853
2,32,1563,41206970,2,68.09792232513428
2,32,1563,41206970,2,74.7005705833435
2,32,1563,41206970,2,77.49929857254028
2,32,1563,41206970,2,77.09982347488403
2,32,1563,41206970,2,77.09794735908508
2,32,1563,41206970,2,73.29762387275696
2,32,1563,41206970,3,74.80133557319641
2,32,1563,41206970,3,71.3011040687561
2,32,1563,41206970,3,77.3000717163086
2,32,1563,41206970,3,74.99989914894104
2,32,1563,41206970,3,73.90167737007141
2,32,1563,41206970,3,72.89817404747009
2,32,1563,41206970,3,70.9010226726532
2,32,1563,41206970,3,67.20293140411377
2,32,1563,41206970,3,71.70028066635132
2,32,1563,41206970,3,75.6996374130249
2,32,1563,41206970,3,71.99846410751343
2,32,1563,41206970,4,72.99778461456299
2,32,1563,41206970,4,65.099928855896
2,32,1563,41206970,4,79.59687685966492
2,32,1563,41206970,4,70.09980821609497
2,32,1563,41206970,4,73.20143532752991
2,32,1563,41206970,4,72.30158019065857
2,32,1563,41206970,4,68.29842233657837
2,32,1563,41206970,4,71.39963507652283
2,32,1563,41206970,4,72.90005707740784
2,32,1563,41206970,4,71.40105891227722
2,32,1563,41206970,4,71.20059990882874
2,32,1563,29787522,0,79.49916243553162
2,32,1563,29787522,0,71.49972867965698
2,32,1563,29787522,0,73.00165843963623
2,32,1563,29787522,0,74.7987961769104
2,32,1563,29787522,0,70.49985694885254
2,32,1563,29787522,0,68.40052914619446
2,32,1563,29787522,0,68.19920802116394
2,32,1563,29787522,0,72.00004625320435
2,32,1563,29787522,0,73.30029082298279
2,32,1563,29787522,0,76.60134196281433
2,32,1563,29787522,0,75.60001015663147
2,32,1563,29787522,1,70.49897718429565
2,32,1563,29787522,1,71.59954452514648
2,32,1563,29787522,1,69.10112762451172
2,32,1563,29787522,1,69.799325466156
2,32,1563,29787522,1,65.50032806396484
2,32,1563,29787522,1,71.69967103004456
2,32,1563,29787522,1,66.19985151290894
2,32,1563,29787522,1,69.30053472518921
2,32,1563,29787522,1,66.9990394115448
2,32,1563,29787522,1,73.60180616378784
2,32,1563,29787522,1,71.29938435554504
2,32,1563,29787522,2,72.40035510063171
2,32,1563,29787522,2,70.59874629974365
2,32,1563,29787522,2,70.90113401412964
2,32,1563,29787522,2,74.49968385696411
2,32,1563,29787522,2,69.80030083656311
2,32,1563,29787522,2,74.10006189346313
2,32,1563,29787522,2,66.79978632926941
2,32,1563,29787522,2,69.00080227851868
2,32,1563,29787522,2,74.29908061027527
2,32,1563,29787522,2,72.20426845550537
2,32,1563,29787522,2,75.20021271705627
2,32,1563,29787522,3,66.09868884086609
2,32,1563,29787522,3,65.09766054153442
2,32,1563,29787522,3,67.20117545127869
2,32,1563,29787522,3,77.59926581382751
2,32,1563,29787522,3,74.70069789886475
2,32,1563,29787522,3,72.60077381134033
2,32,1563,29787522,3,71.0009114742279
2,32,1563,29787522,3,75.49872612953186
2,32,1563,29787522,3,72.30001783370972
2,32,1563,29787522,3,73.79994940757751
2,32,1563,29787522,3,76.20054411888123
2,32,1563,29787522,4,79.09918928146362
2,32,1563,29787522,4,68.69865989685059
2,32,1563,29787522,4,71.60354804992676
2,32,1563,29787522,4,70.89961433410645
2,32,1563,29787522,4,70.90048480033875
2,32,1563,29787522,4,76.40037631988525
2,32,1563,29787522,4,71.60017895698547
2,32,1563,29787522,4,77.49748229980469
2,32,1563,29787522,4,76.19827675819397
2,32,1563,29787522,4,68.30124306678772
2,32,1563,29787522,4,66.197500705719
2,64,782,57044810,0,50.90097236633301
2,64,782,57044810,0,54.4995653629303
2,64,782,57044810,0,55.40080451965332
2,64,782,57044810,0,50.30252122879028
2,64,782,57044810,0,49.600691080093384
2,64,782,57044810,0,47.09390163421631
2,64,782,57044810,0,47.199570655822754
2,64,782,57044810,0,51.8013436794281
2,64,782,57044810,0,49.69984483718872
2,64,782,57044810,0,46.31219172477722
2,64,782,57044810,0,50.80058002471924
2,64,782,57044810,1,49.900474548339844
2,64,782,57044810,1,47.30163383483887
2,64,782,57044810,1,47.00124526023865
2,64,782,57044810,1,46.39744830131531
2,64,782,57044810,1,46.00268220901489
2,64,782,57044810,1,50.699207067489624
2,64,782,57044810,1,51.3009877204895
2,64,782,57044810,1,53.300166606903076
2,64,782,57044810,1,46.70024394989014
2,64,782,57044810,1,49.900553703308105
2,64,782,57044810,1,46.40047907829285
2,64,782,57044810,2,47.286471366882324
2,64,782,57044810,2,47.59987139701843
2,64,782,57044810,2,46.19189810752869
2,64,782,57044810,2,46.1974778175354
2,64,782,57044810,2,45.10402250289917
2,64,782,57044810,2,48.396289110183716
2,64,782,57044810,2,46.001054763793945
2,64,782,57044810,2,45.401137590408325
2,64,782,57044810,2,44.10335183143616
2,64,782,57044810,2,50.50134515762329
2,64,782,57044810,2,50.100096464157104
2,64,782,57044810,3,47.100989818573
2,64,782,57044810,3,49.49774479866028
2,64,782,57044810,3,49.50088977813721
2,64,782,57044810,3,45.70079803466797
2,64,782,57044810,3,45.70024275779724
2,64,782,57044810,3,48.29894137382507
2,64,782,57044810,3,50.2975811958313
2,64,782,57044810,3,47.80017638206482
2,64,782,57044810,3,48.50200176239014
2,64,782,57044810,3,50.49041509628296
2,64,782,57044810,3,47.800544023513794
2,64,782,57044810,4,48.796188831329346
2,64,782,57044810,4,51.599852323532104
2,64,782,57044810,4,50.099916219711304
2,64,782,57044810,4,48.79820775985718
2,64,782,57044810,4,47.19398856163025
2,64,782,57044810,4,49.09847331047058
2,64,782,57044810,4,45.300373792648315
2,64,782,57044810,4,49.88957095146179
2,64,782,57044810,4,51.09640645980835
2,64,782,57044810,4,46.703468561172485
2,64,782,57044810,4,56.900270223617554
2,64,782,41206970,0,47.00091075897217
2,64,782,41206970,0,50.00124478340149
2,64,782,41206970,0,48.40095257759094
2,64,782,41206970,0,47.599400997161865
2,64,782,41206970,0,48.19990921020508
2,64,782,41206970,0,45.301417112350464
2,64,782,41206970,0,48.09944987297058
2,64,782,41206970,0,44.80103421211243
2,64,782,41206970,0,46.70433163642883
2,64,782,41206970,0,45.100951194763184
2,64,782,41206970,0,46.99939155578613
2,64,782,41206970,1,48.10051393508911
2,64,782,41206970,1,44.50135135650635
2,64,782,41206970,1,44.60156321525574
2,64,782,41206970,1,44.80007219314575
2,64,782,41206970,1,49.201141119003296
2,64,782,41206970,1,45.19594144821167
2,64,782,41206970,1,47.40015125274658
2,64,782,41206970,1,43.100014448165894
2,64,782,41206970,1,44.90100574493408
2,64,782,41206970,1,43.59468150138855
2,64,782,41206970,1,45.19921135902405
2,64,782,41206970,2,42.60066485404968
2,64,782,41206970,2,46.00049924850464
2,64,782,41206970,2,41.801374197006226
2,64,782,41206970,2,45.90086030960083
2,64,782,41206970,2,43.99547052383423
2,64,782,41206970,2,47.199164390563965
2,64,782,41206970,2,42.20161461830139
2,64,782,41206970,2,43.40093946456909
2,64,782,41206970,2,45.10152983665466
2,64,782,41206970,2,44.39993381500244
2,64,782,41206970,2,46.60196495056152
2,64,782,41206970,3,49.70311212539673
2,64,782,41206970,3,47.00092911720276
2,64,782,41206970,3,50.50294613838196
2,64,782,41206970,3,45.80045938491821
2,64,782,41206970,3,45.79606080055237
2,64,782,41206970,3,45.49842047691345
2,64,782,41206970,3,45.20141124725342
2,64,782,41206970,3,44.89967155456543
2,64,782,41206970,3,46.89523363113403
2,64,782,41206970,3,43.89968991279602
2,64,782,41206970,3,45.79947805404663
2,64,782,41206970,4,47.19908595085144
2,64,782,41206970,4,48.10226035118103
2,64,782,41206970,4,45.20203232765198
2,64,782,41206970,4,43.501176595687866
2,64,782,41206970,4,48.90134286880493
2,64,782,41206970,4,47.00327491760254
2,64,782,41206970,4,44.499038219451904
2,64,782,41206970,4,45.69983124732971
2,64,782,41206970,4,47.40035676956177
2,64,782,41206970,4,43.901716232299805
2,64,782,41206970,4,42.99799609184265
2,64,782,29787522,0,45.298495054244995
2,64,782,29787522,0,47.90052103996277
2,64,782,29787522,0,45.20092058181763
2,64,782,29787522,0,47.59474182128906
2,64,782,29787522,0,47.60108923912048
2,64,782,29787522,0,46.50103688240051
2,64,782,29787522,0,47.60039567947388
2,64,782,29787522,0,43.70097208023071
2,64,782,29787522,0,45.90267562866211
2,64,782,29787522,0,45.30138540267944
2,64,782,29787522,0,45.60173487663269
2,64,782,29787522,1,44.78959846496582
2,64,782,29787522,1,48.50127673149109
2,64,782,29787522,1,45.40045952796936
2,64,782,29787522,1,46.20050859451294
2,64,782,29787522,1,42.79965090751648
2,64,782,29787522,1,44.799556493759155
2,64,782,29787522,1,44.211238384246826
2,64,782,29787522,1,44.60104036331177
2,64,782,29787522,1,46.001502990722656
2,64,782,29787522,1,45.70054626464844
2,64,782,29787522,1,43.809324502944946
2,64,782,29787522,2,45.10053777694702
2,64,782,29787522,2,46.50184416770935
2,64,782,29787522,2,46.20163655281067
2,64,782,29787522,2,43.40039396286011
2,64,782,29787522,2,44.100764751434326
2,64,782,29787522,2,45.001710176467896
2,64,782,29787522,2,42.402366161346436
2,64,782,29787522,2,47.29828953742981
2,64,782,29787522,2,44.70112490653992
2,64,782,29787522,2,43.40113639831543
2,64,782,29787522,2,45.50073003768921
2,64,782,29787522,3,41.50283741950989
2,64,782,29787522,3,47.80061960220337
2,64,782,29787522,3,42.403048515319824
2,64,782,29787522,3,45.602099657058716
2,64,782,29787522,3,44.100558042526245
2,64,782,29787522,3,48.50457191467285
2,64,782,29787522,3,45.09608507156372
2,64,782,29787522,3,46.501261472702026
2,64,782,29787522,3,47.50088667869568
2,64,782,29787522,3,46.20126986503601
2,64,782,29787522,3,43.40157175064087
2,64,782,29787522,4,46.601848125457764
2,64,782,29787522,4,45.10088038444519
2,64,782,29787522,4,43.20008587837219
2,64,782,29787522,4,46.801586389541626
2,64,782,29787522,4,45.39892244338989
2,64,782,29787522,4,43.49926280975342
2,64,782,29787522,4,44.402451515197754
2,64,782,29787522,4,43.40098738670349
2,64,782,29787522,4,44.39348554611206
2,64,782,29787522,4,45.299731969833374
2,64,782,29787522,4,41.60030388832092
2,128,391,57044810,0,73.00084233283997
2,128,391,57044810,0,70.4959409236908
2,128,391,57044810,0,71.21265387535095
2,128,391,57044810,0,70.39519000053406
2,128,391,57044810,0,72.1926634311676
2,128,391,57044810,0,70.10047316551208
2,128,391,57044810,0,70.29390573501587
2,128,391,57044810,0,71.69212818145752
2,128,391,57044810,0,71.50167059898376
2,128,391,57044810,0,67.99961471557617
2,128,391,57044810,0,70.59345960617065
2,128,391,57044810,1,71.69158792495728
2,128,391,57044810,1,68.59330081939697
2,128,391,57044810,1,73.09984970092773
2,128,391,57044810,1,67.09350776672363
2,128,391,57044810,1,70.19998741149902
2,128,391,57044810,1,68.4931321144104
2,128,391,57044810,1,70.0932126045227
2,128,391,57044810,1,70.99197673797607
2,128,391,57044810,1,71.99175906181335
2,128,391,57044810,1,71.39223265647888
2,128,391,57044810,1,70.99631428718567
2,128,391,57044810,2,72.29064273834229
2,128,391,57044810,2,70.30326557159424
2,128,391,57044810,2,68.8045392036438
2,128,391,57044810,2,69.1961624622345
2,128,391,57044810,2,69.68992114067078
2,128,391,57044810,2,68.80112171173096
2,128,391,57044810,2,69.60264778137207
2,128,391,57044810,2,71.69463157653809
2,128,391,57044810,2,70.10126113891602
2,128,391,57044810,2,68.30750179290771
2,128,391,57044810,2,71.60157823562622
2,128,391,57044810,3,71.79572010040283
2,128,391,57044810,3,71.00207495689392
2,128,391,57044810,3,69.49260926246643
2,128,391,57044810,3,71.50054216384888
2,128,391,57044810,3,71.49261569976807
2,128,391,57044810,3,68.69383382797241
2,128,391,57044810,3,70.7930326461792
2,128,391,57044810,3,68.69262981414795
2,128,391,57044810,3,69.69282650947571
2,128,391,57044810,3,75.40748286247253
2,128,391,57044810,3,67.7009665966034
2,128,391,57044810,4,70.3015787601471
2,128,391,57044810,4,74.3009603023529
2,128,391,57044810,4,69.89287090301514
2,128,391,57044810,4,70.39391112327576
2,128,391,57044810,4,69.19907474517822
2,128,391,57044810,4,68.09627556800842
2,128,391,57044810,4,72.39465475082397
2,128,391,57044810,4,71.6901068687439
2,128,391,57044810,4,70.80092978477478
2,128,391,57044810,4,68.39537906646729
2,128,391,57044810,4,66.60099244117737
